0101101011111111
0101101111111110
0101000011111110
0101001011111111
0101000100000000
0101001111111101
1100000010100001
0101111100101111
1100000010111111
0101011000001010
1100000010100110
1001110010100000
0011110000011100
1000000000000000
1100000010100001
1001110010100000
0001110000101100
1000000000000000
1001110010100000
0011110000011100
1000000000000000
1001111010110000
0101100100000100
1100000010101001
1001110010100000
0001110000111100
1000000000000000
1100000010100001
0101111100000010
1100000010111111
0101010000001001
1100000010100100
1001110010100000
0011110000011100
1000000000000000
1100000010100001
1001110010100000
0001110000101100
1000000000000000
1001110010100000
0011110000011100
1000000000000000
1100000010111110
0101010100001100
1100000010100101
1001110010100000
0001110000111100
1000000000000000
1100000010100001
0101111100110000
1100000010111111
0101011000001010
1100000010100110
1001110010100000
0011110000011100
1000000000000000
1100000010100001
1001110010100000
0001110000101100
1000000000000000
1001110010100000
0011110000011100
1000000000000000
1001111010110000
0101100100000100
1100000010101001
1001110010100000
0001110000111100
1000000000000000
1100000010100001
0101111100000011
1100000010111111
0101010000001001
1100000010100100
1001110010100000
0011110000011100
1000000000000000
1100000010100001
1001110010100000
0001110000101100
1000000000000000
1001110010100000
0011110000011100
1000000000000000
1100000010111110
0101010100001100
1100000010100101
1001110010100000
0001110000111100
1000000000000000
1100000010100001
0101111100000001
1100000010111111
0101010000001001
1100000010100100
1001110010100000
0011110000011100
1000000000000000
1100000010100001
1001110010100000
0001110000101100
1000000000000000
1001110010100000
0011110000011100
1000000000000000
1100000010111110
0101010100001100
1100000010100101
1001110010100000
0001110000111100
1000000000000000
1100000010100001
0101010111101010
1100000010111111
0101011000001010
1100000010100110
1001110010100000
0011110000011100
1000000000000000
1100000010100001
1001110010100000
0001110000101100
1000000000000000
1001110010100000
0011110000011100
1000000000000000
1001111010110000
0101100100000100
1100000010101001
1001110010100000
0001110000111100
1000000000000000
1100000010100001
0001010011100001
0011010001001011
1000000001010000
0101111100000010
1100000010111111
0101011000001010
1100000010100110
1001110010100000
0011110000011100
1000000000000000
1100000010100001
1001110010100000
0001110000101100
1000000000000000
1001110010100000
0011110000011100
1000000000000000
1001111010110000
0101100100000100
1100000010101001
1001110010100000
0001110000111100
1000000000000000
1100000010100001
0101111100110001
1100000010111111
0101010000001001
1100000010100100
1001110010100000
0011110000011100
1000000000000000
1100000010100001
1001110010100000
0001110000101100
1000000000000000
1001110010100000
0011110000011100
1000000000000000
1100000010111110
0101010100001100
1100000010100101
1001110010100000
0001110000111100
1000000000000000
1100000010100001
0000000000000000
0000000000000000
0000000000000000
0000000000000000
0000000000000000
0000000000000000
0000000000000000
0000000000000000
0000000000000000
0000000000000000
0000000000000000
0000000000000000
0000000000000000
0000000000000000
0000000000000000
0000000000000000
0000000000000000
0000000000000000
0000000000000000
0000000000000000
0000000000000000
0000000000000000
0000000000000000
0000000000000000
0000000000000000
0000000000000000
0000000000000000
0000000000000000
0000000000000000
0000000000000000
0000000000000000
0000000000000000
0000000000000000
0000000000000000
0000000000000000
0000000000000000
0000000000000000
0000000000000000
0000000000000000
0000000000000000
0000000000000000
0000000000000000
0000000000000000
0000000000000000
0000000000000000
0000000000000000
0000000000000000
0000000000000000
0000000000000000
0000000000000000
0000000000000000
0000000000000000
0000000000000000
0000000000000000
0000000000000000
0000000000000000
0000000000000000
0000000000000000
0000000000000000
0000000000000000
0000000000000000
0000000000000000
0000000000000000
0000000000000000
0000000000000000
0000000000000000
0000000000000000
0000000000000000
0000000000000000
0000000000000000
0000000000000000
0000000000000000
0000000000000000
0000000000000000
0000000000000000
0000000000000000
0000000000000000
0000000000000000
