0101111111111110
0101111011111111
0101011111111101
0101101100000000
0101110000000000
0101101100000000
0101110000000000
1001101111100000
0101110100000000
0011010011011011
1000000001110000
1001101111100000
0101110100000001
0001010011011011
1000000001110000
1001000011110000
0101101100000000
0101110000000000
1001101111100000
0101110100000000
0011010011011011
1000000001110000
1001101111100000
0101110100000001
0001010011011011
1000000001110000
1001000111110000
0101101100000000
0101101100000000
1001101111100000
0101110100000000
0011010011011011
1000000001110000
1001101111100000
0101110100000001
0001010011011011
1000000001110000
1001001011110000
1001101111100000
0101110100000000
0011010011011011
1000000001110000
1001101111100000
0101110100000001
0001010011011011
1000000001110000
1001001111110000
0101010100000001
0101100000000100
0101110100000000
0011010000000001
1000000010000000
0001011011010001
0001000111010000
0001000011010110
0011010000100011
1000000010000000
0001011011010011
0001001111010010
0001001011010110
0011010000010010
1000000010000000
0001011011010010
0001001011010001
0001000111010110
0101110100000001
0101100111101100
0011010101011101
1000000010010000
0101110100000000
1100000011110000
1100000011101111
1100000011101101
1100000011110001
1100000011101111
1100000011101101
1100000011110010
1100000011101111
1100000011101101
1100000011110011
1100000011101111
1100000011101101
0000000000000000
0000000000000000
0000000000000000
0000000000000000
0000000000000000
0000000000000000
0000000000000000
0000000000000000
0000000000000000
0000000000000000
0000000000000000
0000000000000000
0000000000000000
0000000000000000
0000000000000000
0000000000000000
0000000000000000
0000000000000000
0000000000000000
0000000000000000
0000000000000000
0000000000000000
0000000000000000
0000000000000000
0000000000000000
0000000000000000
0000000000000000
0000000000000000
0000000000000000
0000000000000000
0000000000000000
0000000000000000
0000000000000000
0000000000000000
0000000000000000
0000000000000000
0000000000000000
0000000000000000
0000000000000000
0000000000000000
0000000000000000
0000000000000000
0000000000000000
0000000000000000
0000000000000000
0000000000000000
0000000000000000
0000000000000000
0000000000000000
0000000000000000
0000000000000000
0000000000000000
0000000000000000
0000000000000000
0000000000000000
0000000000000000
0000000000000000
0000000000000000
0000000000000000
0000000000000000
0000000000000000
0000000000000000
0000000000000000
0000000000000000
0000000000000000
0000000000000000
0000000000000000
0000000000000000
0000000000000000
0000000000000000
0000000000000000
0000000000000000
0000000000000000
0000000000000000
0000000000000000
0000000000000000
0000000000000000
0000000000000000
0000000000000000
0000000000000000
0000000000000000
0000000000000000
0000000000000000
0000000000000000
0000000000000000
0000000000000000
0000000000000000
0000000000000000
0000000000000000
0000000000000000
0000000000000000
0000000000000000
0000000000000000
0000000000000000
0000000000000000
0000000000000000
0000000000000000
0000000000000000
0000000000000000
0000000000000000
0000000000000000
0000000000000000
0000000000000000
0000000000000000
0000000000000000
0000000000000000
0000000000000000
0000000000000000
0000000000000000
0000000000000000
0000000000000000
0000000000000000
0000000000000000
0000000000000000
0000000000000000
0000000000000000
0000000000000000
0000000000000000
0000000000000000
0000000000000000
0000000000000000
0000000000000000
0000000000000000
0000000000000000
0000000000000000
0000000000000000
0000000000000000
0000000000000000
0000000000000000
0000000000000000
0000000000000000
0000000000000000
0000000000000000
0000000000000000
0000000000000000
0000000000000000
0000000000000000
0000000000000000
0000000000000000
0000000000000000
0000000000000000
0000000000000000
0000000000000000
0000000000000000
0000000000000000
0000000000000000
0000000000000000
0000000000000000
0000000000000000
0000000000000000
0000000000000000
0000000000000000
0000000000000000
0000000000000000
0000000000000000
0000000000000000
0000000000000000
0000000000000000
0000000000000000
0000000000000000
0000000000000000
0000000000000000
0000000000000000
0000000000000000
0000000000000000
0000000000000000
0000000000000000
0000000000000000
0000000000000000
0000000000000000
0000000000000000
0000000000000000
0000000000000000
0000000000000000
